   0.0000       373.43       188.16       741.15      0.38620E-03
  0.65013E-06   682.37       464.51       1002.4      0.74154    
  0.13003E-05   7231.4       1612.4       32433.       3.5884    
  0.19504E-05   873.69       249.19       3063.3       2.0465    
  0.26005E-05   1247.4       171.01       9099.2      0.17789    
  0.32506E-05   1327.6       707.28       2492.0      0.15647    
  0.39008E-05   1236.6       571.15       2677.2      0.82735    
  0.45509E-05   1807.7       1042.1       3135.9      0.62657    
  0.52010E-05   2407.8       1395.9       4153.2      0.16366    
  0.58511E-05   2977.5       1723.6       5143.5       2.0015    
  0.65013E-05   3129.4       1227.5       7978.0       1.8597    
  0.71514E-05   3034.8       1218.1       7561.0      0.31882    
  0.78015E-05   3043.8       591.94       15652.      0.39175    
  0.84517E-05   2690.2       1120.1       6461.3       1.2207    
  0.91018E-05   3626.3       2804.4       4689.0      0.64089    
  0.97519E-05   3506.6       1744.3       7049.3       2.3074    
  0.10402E-04   80893.       56291.      0.11625E+06   9.3007    
  0.11052E-04   2811.6       1862.5       4244.5       2.9645    
  0.11702E-04   2499.9       868.94       7192.3      0.24599    
  0.12352E-04   2696.5       1366.9       5319.4      0.35695    
  0.13003E-04   2223.9       983.33       5029.8      0.34271    
  0.13653E-04   1811.5       1066.3       3077.4      0.15090    
  0.14303E-04   1477.3       1036.4       2105.6       1.3433    
  0.14953E-04   1870.0       1327.5       2634.1       2.8160    
  0.15603E-04   1415.2       844.58       2371.3      0.36616    
  0.16253E-04   1504.9       600.52       3771.4      0.56732    
  0.16903E-04   1295.4       673.34       2492.3      0.87108    
  0.17553E-04   1351.8       357.34       5113.6      0.94314E-01
  0.18204E-04   1480.7       104.63       20954.       2.1927    
  0.18854E-04   3845.8       2951.5       5011.1       4.3546    
  0.19504E-04   812.66       95.525       6913.5      0.75351E-01
  0.20154E-04   789.32       311.84       1997.9      0.89593    
  0.20804E-04   636.69       327.90       1236.2      0.57289    
  0.21454E-04   744.66       336.13       1649.7      0.13110    
  0.22104E-04   598.99       313.91       1143.0      0.82212E-01
  0.22754E-04   662.34       339.22       1293.2      0.13210    
  0.23405E-04   496.32       357.17       689.69       1.1662    
  0.24055E-04   555.90       244.78       1262.5       7.1931    
  0.24705E-04   13385.       4261.7       42037.       14.014    
  0.25355E-04   350.36       147.11       834.40       1.4346    
  0.26005E-04   329.22       112.74       961.36      0.13340    
  0.26655E-04   300.92       99.675       908.46      0.65783    
  0.27305E-04   261.79       117.22       584.65      0.17209    
  0.27955E-04   199.16       68.690       577.47      0.38368    
  0.28606E-04   287.53       95.425       866.34       2.9679    
  0.29256E-04   1781.2       1167.0       2718.7       3.5650    
  0.29906E-04   153.21       79.325       295.92      0.13857    
  0.30556E-04   116.82       58.728       232.39      0.35061    
  0.31206E-04   119.10       48.011       295.46       2.6164    
  0.31856E-04   118.90       51.762       273.13       2.0369    
  0.32506E-04   125.88       60.903       260.19      0.34180    
  0.33156E-04   125.82       43.386       364.91      0.22698    
  0.33807E-04   126.89       69.087       233.05      0.91269E-02
  0.34457E-04   124.67       83.175       186.85      0.11318E-03
  0.35107E-04   78.571       48.036       128.52      0.39951    
  0.35757E-04   60.941       27.070       137.20       1.4873    
  0.36407E-04   48.496       21.055       111.70      0.33269    
  0.37057E-04   49.416       31.133       78.437       3.0017    
  0.37707E-04   1990.8       1041.9       3803.7       8.0107    
  0.38358E-04   101.59       66.920       154.23      0.82449    
  0.39008E-04   101.26       40.940       250.44      0.11865E-01
  0.39658E-04   97.106       45.640       206.61      0.23972    
  0.40308E-04   73.748       45.668       119.10      0.10860    
  0.40958E-04   107.19       62.304       184.42      0.69779E-02
  0.41608E-04   118.38       54.248       258.31      0.46546E-01
  0.42258E-04   136.70       88.019       212.30       1.5761    
  0.42908E-04   5363.9       1618.2       17779.       5.7142    
  0.43559E-04   166.27       57.796       478.32      0.81878    
  0.44209E-04   156.40       74.756       327.21      0.67560    
  0.44859E-04   5362.0       3288.2       8743.9       3.7028    
  0.45509E-04   155.22       85.722       281.07       1.0538    
  0.46159E-04   154.27       85.692       277.71      0.36044    
  0.46809E-04   160.03       82.555       310.22      0.50868    
  0.47459E-04   195.88       127.48       300.97      0.16147    
  0.48109E-04   197.02       159.75       242.99       1.3030    
  0.48760E-04   187.46       95.871       366.55       1.0196    
  0.49410E-04   218.88       71.931       666.05      0.19102    
  0.50060E-04   110.74       86.936       141.06      0.53539    
  0.50710E-04   156.20       51.317       475.42      0.25476    
  0.51360E-04   197.73       35.408       1104.2      0.98765E-01
  0.52010E-04   92.922       60.523       142.66      0.17683    
  0.52660E-04   137.29       60.930       309.34       2.8493    
  0.53310E-04   2757.6       1585.1       4797.7       6.4444    
  0.53961E-04   188.02       102.86       343.69       3.2334    
  0.54611E-04   173.98       64.833       466.87      0.87395    
  0.55261E-04   161.82       86.268       303.53      0.24997    
  0.55911E-04   211.65       77.560       577.55      0.19818    
  0.56561E-04   201.98       127.06       321.07      0.56901    
  0.57211E-04   221.96       154.51       318.85       1.8936    
  0.57861E-04   211.92       133.98       335.22       2.1068    
  0.58511E-04   166.33       68.696       402.71      0.81797    
  0.59162E-04   163.45       36.853       724.93       1.2895    
  0.59812E-04   169.68       81.893       351.59       1.9577    
  0.60462E-04   167.69       106.23       264.71       1.0677    
  0.61112E-04   154.03       99.819       237.67      0.61519    
  0.61762E-04   106.08       84.134       133.75      0.20886    
  0.62412E-04   101.27       64.105       159.99      0.15156    
  0.63062E-04   114.37       33.525       390.16      0.42152    
  0.63712E-04   65.560       26.192       164.10      0.10949    
  0.64363E-04   53.822       31.118       93.091      0.11784    
  0.65013E-04   38.775       28.075       53.553      0.87094E-01
  0.65663E-04   43.743       23.690       80.769       1.7460    
  0.66313E-04   47.503       24.880       90.698      0.59417    
  0.66963E-04   57.393       28.356       116.16       1.5511    
  0.67613E-04   1040.8       475.73       2277.2       4.5767    
  0.68263E-04   59.946       32.317       111.19      0.90264    
  0.68914E-04   91.211       38.802       214.41      0.36929    
  0.69564E-04   60.159       45.044       80.347       1.7996    
  0.70214E-04   59.658       32.959       107.98       1.5405    
  0.70864E-04   59.882       32.936       108.87      0.83354    
  0.71514E-04   65.402       41.616       102.78      0.85495    
  0.72164E-04   54.915       27.366       110.20       1.4379    
  0.72814E-04   39.051       17.864       85.367      0.54027    
  0.73464E-04   41.528       18.723       92.109      0.33529    
  0.74115E-04   20.427       12.432       33.564      0.28477E-01
  0.74765E-04   24.047       5.5023       105.09       1.2810    
  0.75415E-04   21.179       4.8320       92.828      0.67917    
  0.76065E-04   28.111       15.893       49.723      0.73576    
  0.76715E-04   27.451       13.756       54.781       1.7083    
  0.77365E-04   24.144       15.657       37.232      0.50060    
  0.78015E-04   21.155       13.704       32.655       1.5830    
  0.78665E-04   462.76       227.05       943.18       6.3596    
  0.79316E-04   16.401       7.0189       38.325       1.1980    
  0.79966E-04   27.039       4.5335       161.27      0.31190    
  0.80616E-04   25.861       13.095       51.072      0.54732    
  0.81266E-04   20.223       5.2564       77.805      0.21641E-03
  0.81916E-04   21.039       7.4279       59.590       1.0182    
  0.82566E-04   371.67       256.05       539.49       4.1176    
  0.83216E-04   19.209       5.9546       61.965       1.5660    
  0.83866E-04   17.101       1.8104       161.53      0.84503    
  0.84517E-04   20.276       7.0034       58.700       1.3048    
  0.85167E-04   18.780       6.6153       53.317      0.16876    
  0.85817E-04   21.002       5.9414       74.241      0.44658    
  0.86467E-04   341.90       165.06       708.20       3.7341    
  0.87117E-04   28.040       8.6446       90.955       3.2327    
  0.87767E-04   29.550       7.4597       117.05      0.39855    
  0.88417E-04   24.461       10.413       57.463      0.13960E-01
  0.89067E-04   23.644       6.4264       86.993      0.16383    
  0.89718E-04   23.904       14.962       38.190      0.38076    
  0.90368E-04   27.114       11.244       65.386       1.1471    
  0.91018E-04   32.344       20.592       50.803       1.5177    
  0.91668E-04   31.202       9.6756       100.62      0.46912    
  0.92318E-04   31.028       5.4259       177.43      0.15281    
  0.92968E-04   38.670       19.203       77.870      0.48865    
  0.93618E-04   37.117       14.143       97.408       1.3719    
  0.94268E-04   32.049       16.266       63.145       2.5137    
  0.94919E-04   32.795       21.433       50.179       1.5701    
  0.95569E-04   37.916       23.608       60.895       1.0553    
  0.96219E-04   35.392       17.180       72.910       1.5957    
  0.96869E-04   41.221       20.346       83.511       1.3181    
  0.97519E-04   38.644       14.173       105.36      0.31946    
  0.98169E-04   27.499       11.632       65.006       1.0064    
  0.98819E-04   28.699       7.0091       117.51       2.6058    
  0.99470E-04   20.142       3.2762       123.83      0.52854    
  0.10012E-03   21.607       6.8229       68.426       1.1870    
  0.10077E-03   23.011       5.7700       91.773       1.6854    
  0.10142E-03   18.882      0.34800       1024.6      0.57200E-01
