   0.0000       724.03       333.05       1574.0      0.19185E-40
  0.65013E-06   1236.3       814.60       1876.4       0.0000    
  0.13003E-05   1330.8       833.27       2125.4       0.0000    
  0.19504E-05   1569.0       791.42       3110.4       0.0000    
  0.26005E-05   1629.1       1048.5       2531.1       0.0000    
  0.32506E-05   1713.3       549.57       5341.4       0.0000    
  0.39008E-05   1761.4       146.65       21156.       0.0000    
  0.45509E-05   2117.6       1538.4       2914.8       0.0000    
  0.52010E-05   2543.8       1002.0       6458.0       0.0000    
  0.58511E-05   3221.3       1991.0       5211.9       0.0000    
  0.65013E-05   6649.5       2899.4       15250.       0.0000    
  0.71514E-05   10081.       3962.3       25647.       0.0000    
  0.78015E-05   10329.       4390.7       24297.       0.0000    
  0.84517E-05   10449.       3375.0       32350.       0.0000    
  0.91018E-05   10460.       5637.0       19409.       0.0000    
  0.97519E-05   10889.       6685.0       17735.       0.0000    
  0.10402E-04   10659.       5428.3       20931.       0.0000    
  0.11052E-04   9824.9       4373.3       22073.       0.0000    
  0.11702E-04   9454.6       5068.7       17635.       0.0000    
  0.12352E-04   8512.6       5808.0       12477.       0.0000    
  0.13003E-04   7792.1       4399.4       13801.       0.0000    
  0.13653E-04   6783.1       3004.1       15316.       0.0000    
  0.14303E-04   5058.3       2366.4       10812.       0.0000    
  0.14953E-04   3351.3       974.89       11521.       0.0000    
  0.15603E-04   2012.6       950.78       4260.2       0.0000    
  0.16253E-04   1795.5       949.13       3396.7       0.0000    
  0.16903E-04   1665.8       783.86       3540.1       0.0000    
  0.17553E-04   1599.3       210.14       12172.       0.0000    
  0.18204E-04   1794.6       339.67       9482.1       0.0000    
  0.18854E-04   650.14       331.74       1274.1       0.0000    
  0.19504E-04   856.03       298.98       2451.0       0.0000    
  0.20154E-04   1438.1       250.02       8272.0       0.0000    
  0.20804E-04   1397.0       373.07       5231.3       0.0000    
  0.21454E-04   1544.4       487.47       4892.7       0.0000    
  0.22104E-04   1553.4       980.84       2460.2       0.0000    
  0.22754E-04   1454.7       694.21       3048.2       0.0000    
  0.23405E-04   1585.3       713.40       3522.9       0.0000    
  0.24055E-04   1647.4       497.76       5452.6       0.0000    
  0.24705E-04   1605.4       594.26       4336.8       0.0000    
  0.25355E-04   1791.2       1009.0       3179.6       0.0000    
  0.26005E-04   1739.4       860.99       3513.9       0.0000    
  0.26655E-04   1773.3       331.71       9479.7       0.0000    
  0.27305E-04   1767.6       602.86       5182.5       0.0000    
  0.27955E-04   1504.3       479.20       4722.1       0.0000    
  0.28606E-04   762.36       240.23       2419.3       0.0000    
  0.29256E-04   320.03       150.99       678.33       0.0000    
  0.29906E-04   330.93       148.95       735.27       0.0000    
  0.30556E-04   261.86       81.829       837.97       0.0000    
  0.31206E-04   238.58       76.115       747.83       0.0000    
  0.31856E-04   245.10       120.57       498.26       0.0000    
  0.32506E-04   246.56       126.76       479.57       0.0000    
  0.33156E-04   151.59       70.140       327.63       0.0000    
  0.33807E-04   172.38       96.160       309.00       0.0000    
  0.34457E-04   377.69       103.47       1378.7       0.0000    
  0.35107E-04   261.35       93.305       732.04       0.0000    
  0.35757E-04   242.09       120.92       484.70       0.0000    
  0.36407E-04   248.59       99.172       623.15       0.0000    
  0.37057E-04   256.81       190.70       345.82       0.0000    
  0.37707E-04   273.12       118.29       630.60       0.0000    
  0.38358E-04   304.39       265.51       348.96       0.0000    
  0.39008E-04   391.92       178.81       859.02       0.0000    
  0.39658E-04   466.71       244.97       889.16       0.0000    
  0.40308E-04   492.18       262.88       921.51       0.0000    
  0.40958E-04   581.11       281.15       1201.1       0.0000    
  0.41608E-04   890.30       299.80       2643.9       0.0000    
  0.42258E-04   755.92       396.81       1440.0       0.0000    
  0.42908E-04   848.23       589.37       1220.8       0.0000    
  0.43559E-04   859.12       297.11       2484.2       0.0000    
  0.44209E-04   811.47       254.53       2587.0       0.0000    
  0.44859E-04   1037.2       643.64       1671.6       0.0000    
  0.45509E-04   941.10       203.79       4346.0       0.0000    
  0.46159E-04   1109.0       385.73       3188.2       0.0000    
  0.46809E-04   666.14       192.24       2308.3       0.0000    
  0.47459E-04   444.89       214.68       921.95       0.0000    
  0.48109E-04   535.76       157.34       1824.4       0.0000    
  0.48760E-04   192.89       104.83       354.93       0.0000    
  0.49410E-04   203.49       111.91       370.00       0.0000    
  0.50060E-04   260.64       135.31       502.04       0.0000    
  0.50710E-04   371.51       221.57       622.93       0.0000    
  0.51360E-04   415.70       209.38       825.33       0.0000    
  0.52010E-04   318.67       194.80       521.32       0.0000    
  0.52660E-04   334.09       154.34       723.19       0.0000    
  0.53310E-04   402.27       199.23       812.23       0.0000    
  0.53961E-04   416.36       289.21       599.41       0.0000    
  0.54611E-04   379.57       213.87       673.64       0.0000    
  0.55261E-04   395.91       114.61       1367.7       0.0000    
  0.55911E-04   436.90       281.84       677.27       0.0000    
  0.56561E-04   382.95       123.05       1191.8       0.0000    
  0.57211E-04   294.37       148.59       583.16       0.0000    
  0.57861E-04   229.14       146.74       357.80       0.0000    
  0.58511E-04   179.56       78.320       411.67       0.0000    
  0.59162E-04   173.29       40.225       746.52       0.0000    
  0.59812E-04   181.79       90.965       363.30       0.0000    
  0.60462E-04   173.48       108.53       277.31       0.0000    
  0.61112E-04   155.85       98.567       246.42       0.0000    
  0.61762E-04   113.87       92.096       140.79       0.0000    
  0.62412E-04   109.18       64.445       184.97       0.0000    
  0.63062E-04   101.89       36.969       280.84       0.0000    
  0.63712E-04   69.893       20.620       236.91       0.0000    
  0.64363E-04   121.00       32.810       446.23       0.0000    
  0.65013E-04   93.006       61.386       140.91       0.0000    
  0.65663E-04   100.45       51.792       194.81       0.0000    
  0.66313E-04   131.29       68.743       250.75       0.0000    
  0.66963E-04   125.47       97.067       162.19       0.0000    
  0.67613E-04   169.36       79.678       359.99       0.0000    
  0.68263E-04   144.01       60.125       344.91       0.0000    
  0.68914E-04   182.53       98.471       338.33       0.0000    
  0.69564E-04   133.84       45.642       392.49       0.0000    
  0.70214E-04   129.06       55.655       299.29       0.0000    
  0.70864E-04   127.79       59.375       275.03       0.0000    
  0.71514E-04   63.620       36.821       109.92       0.0000    
  0.72164E-04   51.097       23.889       109.30       0.0000    
  0.72814E-04   42.182       19.341       91.998       0.0000    
  0.73464E-04   41.894       19.314       90.871       0.0000    
  0.74115E-04   20.429       12.526       33.317       0.0000    
  0.74765E-04   29.037       11.331       74.414       0.0000    
  0.75415E-04   56.372       16.863       188.45       0.0000    
  0.76065E-04   65.487       11.606       369.52       0.0000    
  0.76715E-04   71.313       32.399       156.97       0.0000    
  0.77365E-04   65.314       41.054       103.91       0.0000    
  0.78015E-04   62.037       36.184       106.36       0.0000    
  0.78665E-04   66.065       38.239       114.14       0.0000    
  0.79316E-04   56.722       22.483       143.10       0.0000    
  0.79966E-04   84.460       34.462       207.00       0.0000    
  0.80616E-04   74.473       40.878       135.68       0.0000    
  0.81266E-04   74.063       26.419       207.63       0.0000    
  0.81916E-04   72.236       49.565       105.28       0.0000    
  0.82566E-04   62.967       34.294       115.61       0.0000    
  0.83216E-04   72.520       31.317       167.93       0.0000    
  0.83866E-04   78.302       41.545       147.58       0.0000    
  0.84517E-04   76.623       20.841       281.72       0.0000    
  0.85167E-04   73.986       36.874       148.45       0.0000    
  0.85817E-04   75.608       42.542       134.37       0.0000    
  0.86467E-04   62.328       38.053       102.09       0.0000    
  0.87117E-04   56.998       23.516       138.15       0.0000    
  0.87767E-04   58.601       43.179       79.530       0.0000    
  0.88417E-04   49.646       10.740       229.49       0.0000    
  0.89067E-04   46.361       12.180       176.46       0.0000    
  0.89718E-04   52.391       41.953       65.425       0.0000    
  0.90368E-04   48.351       23.014       101.58       0.0000    
  0.91018E-04   37.295       23.026       60.407       0.0000    
  0.91668E-04   32.631       9.3518       113.86       0.0000    
  0.92318E-04   33.657       5.9627       189.98       0.0000    
  0.92968E-04   38.786       17.687       85.057       0.0000    
  0.93618E-04   39.163       14.319       107.11       0.0000    
  0.94268E-04   34.265       17.872       65.695       0.0000    
  0.94919E-04   33.184       21.133       52.107       0.0000    
  0.95569E-04   37.499       23.039       61.035       0.0000    
  0.96219E-04   36.804       17.503       77.388       0.0000    
  0.96869E-04   41.208       19.864       85.486       0.0000    
  0.97519E-04   38.853       13.081       115.41       0.0000    
  0.98169E-04   28.317       11.516       69.629       0.0000    
  0.98819E-04   26.485       7.8893       88.912       0.0000    
  0.99470E-04   21.296       3.1929       142.04       0.0000    
  0.10012E-03   19.325       7.0703       52.822       0.0000    
  0.10077E-03   19.333       6.3646       58.727       0.0000    
  0.10142E-03   19.910      0.38465       1030.6       0.0000    
