xlimit 6
color 1
file *
read    500
 -499.000      1.040221E-02
 -498.000      3.343196E-05
 -497.000     -5.097838E-03
 -496.000      7.954691E-03
 -495.000      5.579471E-04
 -494.000      1.918950E-03
 -493.000     -4.342769E-03
 -492.000      1.957200E-03
 -491.000     -1.112051E-02
 -490.000     -2.093203E-02
 -489.000      1.126376E-02
 -488.000      2.453904E-02
 -487.000     -3.485525E-04
 -486.000     -6.908366E-03
 -485.000      1.421791E-03
 -484.000     -5.211195E-04
 -483.000     -9.519849E-03
 -482.000     -1.127637E-02
 -481.000      6.063837E-03
 -480.000      1.559915E-02
 -479.000     -4.839813E-03
 -478.000      6.176505E-03
 -477.000      1.617836E-02
 -476.000     -4.218799E-03
 -475.000     -2.476928E-02
 -474.000     -5.213459E-03
 -473.000      1.025527E-02
 -472.000     -4.108899E-03
 -471.000      1.561281E-03
 -470.000      4.247131E-03
 -469.000      6.619291E-04
 -468.000      2.407904E-03
 -467.000      1.287143E-03
 -466.000      8.041559E-03
 -465.000      1.302903E-02
 -464.000     -1.432311E-02
 -463.000     -1.628343E-02
 -462.000     -2.628216E-03
 -461.000      1.475505E-02
 -460.000     -6.025261E-03
 -459.000      2.815842E-03
 -458.000     -5.584525E-04
 -457.000      5.782132E-03
 -456.000      1.852908E-02
 -455.000     -8.660087E-04
 -454.000     -9.127686E-03
 -453.000      4.110284E-04
 -452.000     -2.913710E-04
 -451.000     -2.243311E-02
 -450.000      1.586797E-02
 -449.000      1.430237E-02
 -448.000     -2.585263E-03
 -447.000     -2.075346E-03
 -446.000     -7.183077E-03
 -445.000      9.486102E-03
 -444.000     -6.777807E-03
 -443.000      1.154468E-02
 -442.000     -7.467030E-03
 -441.000     -1.082577E-02
 -440.000     -3.205794E-03
 -439.000      2.477846E-02
 -438.000      3.502369E-03
 -437.000     -4.947183E-03
 -436.000      6.945185E-03
 -435.000     -8.825778E-03
 -434.000      7.357023E-03
 -433.000     -7.430871E-03
 -432.000      4.747571E-03
 -431.000      4.865455E-03
 -430.000     -2.385573E-03
 -429.000     -2.495289E-02
 -428.000     -5.029765E-03
 -427.000     -3.076818E-03
 -426.000      1.093501E-02
 -425.000     -2.085683E-03
 -424.000     -3.548134E-03
 -423.000      1.888617E-02
 -422.000      1.505693E-02
 -421.000      9.863925E-03
 -420.000     -9.931064E-03
 -419.000      8.959670E-03
 -418.000     -8.472102E-03
 -417.000     -1.584834E-02
 -416.000      3.659894E-03
 -415.000     -4.072978E-03
 -414.000     -1.299172E-02
 -413.000      3.373814E-04
 -412.000     -2.920816E-03
 -411.000      1.072216E-02
 -410.000      1.166091E-02
 -409.000      1.049402E-02
 -408.000      7.161212E-03
 -407.000     -3.671494E-03
 -406.000     -1.851385E-03
 -405.000     -1.513365E-02
 -404.000      2.916694E-03
 -403.000      6.005113E-03
 -402.000      1.441022E-02
 -401.000     -1.445357E-02
 -400.000     -1.305871E-03
 -399.000      4.580856E-04
 -398.000     -1.500870E-02
 -397.000      2.832697E-03
 -396.000      8.210848E-03
 -395.000      1.094813E-02
 -394.000      1.427175E-02
 -393.000      2.111405E-03
 -392.000     -1.292152E-03
 -391.000     -8.474476E-03
 -390.000     -1.856833E-02
 -389.000     -8.027673E-03
 -388.000      8.781771E-03
 -387.000      4.131807E-03
 -386.000      2.051641E-02
 -385.000     -7.767065E-03
 -384.000     -1.238984E-02
 -383.000      9.909130E-03
 -382.000     -3.871078E-03
 -381.000     -3.968481E-03
 -380.000     -1.084930E-02
 -379.000      1.562859E-02
 -378.000      1.385591E-02
 -377.000      3.243798E-03
 -376.000     -5.103640E-03
 -375.000     -1.354739E-02
 -374.000     -5.626162E-03
 -373.000      7.351002E-03
 -372.000      1.010956E-02
 -371.000     -3.279408E-03
 -370.000      1.011105E-03
 -369.000     -1.213471E-02
 -368.000     -1.291833E-02
 -367.000      2.728965E-03
 -366.000      2.331945E-02
 -365.000     -7.397387E-03
 -364.000     -1.130817E-03
 -363.000      7.228018E-03
 -362.000     -1.483881E-02
 -361.000     -5.946013E-03
 -360.000      1.827928E-02
 -359.000      6.281398E-03
 -358.000      2.778355E-03
 -357.000      6.062326E-03
 -356.000     -1.165786E-02
 -355.000     -1.460465E-02
 -354.000      8.406904E-03
 -353.000     -1.104154E-02
 -352.000     -4.974551E-03
 -351.000      1.513542E-02
 -350.000      1.057824E-02
 -349.000     -1.050004E-02
 -348.000     -1.846928E-03
 -347.000      1.130386E-02
 -346.000      1.892885E-03
 -345.000      1.428004E-02
 -344.000      6.737205E-03
 -343.000     -1.917264E-02
 -342.000     -1.523950E-02
 -341.000     -3.692693E-04
 -340.000      7.904192E-03
 -339.000     -1.712913E-02
 -338.000     -8.883041E-04
 -337.000      1.178999E-02
 -336.000     -1.448383E-03
 -335.000      3.142715E-03
 -334.000     -1.204967E-02
 -333.000      2.270382E-02
 -332.000      1.083778E-02
 -331.000     -1.941395E-03
 -330.000      7.693606E-03
 -329.000     -8.714745E-05
 -328.000     -1.986963E-02
 -327.000     -7.814246E-03
 -326.000      1.814692E-02
 -325.000      3.933929E-03
 -324.000     -1.210185E-02
 -323.000      8.238846E-04
 -322.000     -2.829368E-02
 -321.000      1.222932E-02
 -320.000      1.269927E-02
 -319.000      8.619671E-03
 -318.000      7.414579E-03
 -317.000      1.261768E-02
 -316.000     -9.052272E-03
 -315.000     -1.070479E-02
 -314.000      1.747965E-02
 -313.000     -1.067328E-02
 -312.000     -5.482957E-03
 -311.000     -5.440291E-03
 -310.000      1.165722E-02
 -309.000      1.247158E-02
 -308.000     -9.141265E-03
 -307.000     -8.629253E-03
 -306.000      3.147239E-03
 -305.000      4.838728E-03
 -304.000     -7.105550E-03
 -303.000     -4.511180E-04
 -302.000      7.035193E-03
 -301.000      8.726615E-03
 -300.000     -7.362786E-03
 -299.000      5.798829E-03
 -298.000      9.245753E-04
 -297.000     -2.495685E-04
 -296.000     -7.969069E-03
 -295.000      1.258318E-02
 -294.000      1.993325E-03
 -293.000     -2.142671E-03
 -292.000     -1.231119E-02
 -291.000     -1.457890E-03
 -290.000     -1.397683E-03
 -289.000      4.951251E-03
 -288.000      2.776746E-03
 -287.000      5.089673E-04
 -286.000     -3.753381E-04
 -285.000      1.054457E-02
 -284.000     -1.318137E-02
 -283.000      2.159472E-02
 -282.000     -1.647799E-03
 -281.000     -3.738807E-03
 -280.000      1.015454E-02
 -279.000     -1.670473E-02
 -278.000      4.261524E-03
 -277.000     -1.048576E-03
 -276.000     -1.173845E-02
 -275.000      4.857896E-03
 -274.000      1.715297E-03
 -273.000      5.609417E-03
 -272.000      9.084220E-03
 -271.000     -4.192621E-03
 -270.000     -1.238210E-02
 -269.000      5.509990E-03
 -268.000      6.820715E-03
 -267.000      4.022898E-03
 -266.000      3.653907E-03
 -265.000      4.607453E-03
 -264.000      7.991077E-03
 -263.000     -6.475223E-03
 -262.000     -6.850941E-03
 -261.000      2.322572E-03
 -260.000     -1.384155E-02
 -259.000     -8.737985E-03
 -258.000      3.385083E-03
 -257.000      1.592025E-03
 -256.000      1.131354E-03
 -255.000     -3.484695E-03
 -254.000      2.743871E-04
 -253.000      2.899915E-03
 -252.000      3.795555E-03
 -251.000     -6.443745E-03
 -250.000     -1.581798E-03
 -249.000      7.804240E-03
 -248.000      2.260811E-02
 -247.000      1.246915E-03
 -246.000     -1.069601E-02
 -245.000     -1.975321E-03
 -244.000     -7.319100E-03
 -243.000     -8.172256E-03
 -242.000      3.313301E-03
 -241.000      1.667711E-03
 -240.000     -1.235720E-02
 -239.000      1.736988E-02
 -238.000     -6.491456E-03
 -237.000     -9.362286E-03
 -236.000      1.713151E-04
 -235.000      1.675123E-02
 -234.000     -8.661504E-03
 -233.000     -1.008161E-02
 -232.000      1.415613E-02
 -231.000      6.755758E-03
 -230.000      6.601685E-03
 -229.000     -9.429076E-03
 -228.000     -2.256491E-03
 -227.000     -4.665521E-03
 -226.000      1.700648E-02
 -225.000      4.994007E-03
 -224.000     -1.280889E-02
 -223.000     -1.431748E-02
 -222.000     -2.253158E-03
 -221.000      6.127925E-03
 -220.000      1.042310E-04
 -219.000     -1.338856E-02
 -218.000      2.164442E-02
 -217.000      1.861777E-02
 -216.000     -3.526501E-03
 -215.000     -7.911641E-03
 -214.000      3.109341E-03
 -213.000     -8.800899E-03
 -212.000      1.798881E-03
 -211.000      1.208332E-02
 -210.000     -8.919191E-03
 -209.000     -1.532187E-03
 -208.000      1.265778E-02
 -207.000     -5.386041E-03
 -206.000      1.742023E-03
 -205.000     -4.945018E-03
 -204.000     -7.958026E-03
 -203.000      3.479724E-03
 -202.000      1.064341E-02
 -201.000      1.324665E-03
 -200.000      5.563125E-03
 -199.000     -3.803009E-03
 -198.000      6.917034E-03
 -197.000      5.673203E-03
 -196.000      1.111894E-02
 -195.000      1.404018E-04
 -194.000     -6.644692E-03
 -193.000     -2.203776E-02
 -192.000     -1.857355E-02
 -191.000      1.029542E-02
 -190.000      5.795058E-03
 -189.000     -6.291014E-03
 -188.000      1.059374E-02
 -187.000      2.067610E-02
 -186.000     -3.060808E-03
 -185.000     -3.527259E-03
 -184.000      2.047794E-03
 -183.000     -2.935586E-03
 -182.000     -7.002648E-03
 -181.000     -5.046460E-03
 -180.000      1.053305E-02
 -179.000      4.396882E-03
 -178.000      9.210623E-03
 -177.000     -9.325819E-03
 -176.000     -1.521306E-02
 -175.000     -8.902742E-03
 -174.000      2.481497E-02
 -173.000     -9.022226E-03
 -172.000     -8.491014E-03
 -171.000      7.060127E-03
 -170.000      4.181441E-03
 -169.000      1.084442E-02
 -168.000     -1.032698E-03
 -167.000     -1.666523E-02
 -166.000     -3.999930E-03
 -165.000      1.662850E-02
 -164.000     -6.133510E-03
 -163.000      6.478172E-03
 -162.000      8.552632E-03
 -161.000     -8.332409E-03
 -160.000      8.591859E-04
 -159.000      6.080836E-04
 -158.000      4.624935E-04
 -157.000      5.091913E-03
 -156.000      7.741633E-03
 -155.000     -3.589083E-03
 -154.000      1.003316E-03
 -153.000     -5.888632E-03
 -152.000     -8.172587E-03
 -151.000     -5.987399E-03
 -150.000      4.412038E-03
 -149.000      7.044206E-03
 -148.000      6.655976E-03
 -147.000      3.560142E-04
 -146.000     -6.510413E-03
 -145.000      1.715888E-02
 -144.000      1.321783E-02
 -143.000     -6.666047E-03
 -142.000     -3.349370E-03
 -141.000     -8.972518E-03
 -140.000     -1.524178E-02
 -139.000     -7.616161E-03
 -138.000      9.953322E-03
 -137.000     -8.199057E-03
 -136.000     -5.458495E-03
 -135.000      3.797855E-02
 -134.000      1.318358E-02
 -133.000      1.321207E-02
 -132.000     -1.453379E-02
 -131.000     -1.425541E-02
 -130.000      4.722406E-03
 -129.000      1.388543E-02
 -128.000     -9.586058E-03
 -127.000     -1.230496E-02
 -126.000     -1.536697E-02
 -125.000     -8.033022E-04
 -124.000      1.439252E-02
 -123.000      8.876359E-04
 -122.000      1.231112E-02
 -121.000     -2.724073E-03
 -120.000     -7.028815E-03
 -119.000      2.789815E-03
 -118.000     -3.445086E-04
 -117.000     -1.492062E-02
 -116.000      2.850573E-03
 -115.000      4.366662E-03
 -114.000      5.425150E-03
 -113.000      8.613969E-03
 -112.000      5.144879E-03
 -111.000      8.534055E-03
 -110.000     -7.048558E-03
 -109.000      1.091596E-02
 -108.000     -1.632724E-02
 -107.000     -2.369498E-02
 -106.000     -8.802553E-03
 -105.000      5.163303E-03
 -104.000      1.494889E-02
 -103.000      2.570670E-02
 -102.000     -6.003106E-03
 -101.000     -6.188450E-03
 -100.000     -1.546808E-03
 -99.0000      4.024522E-03
 -98.0000      3.679497E-03
 -97.0000     -1.192305E-02
 -96.0000     -1.688549E-03
 -95.0000     -2.904492E-04
 -94.0000      1.082465E-02
 -93.0000     -1.559091E-03
 -92.0000     -5.419501E-03
 -91.0000      6.948997E-03
 -90.0000      3.644460E-03
 -89.0000      1.065121E-02
 -88.0000     -2.713529E-02
 -87.0000     -9.601772E-03
 -86.0000     -8.712027E-03
 -85.0000      5.013864E-03
 -84.0000      2.728154E-02
 -83.0000      1.674353E-02
 -82.0000      1.777262E-03
 -81.0000      1.085623E-02
 -80.0000      1.817424E-02
 -79.0000     -3.166118E-03
 -78.0000     -3.660828E-02
 -77.0000     -2.951133E-02
 -76.0000     -2.625428E-02
 -75.0000      2.088118E-02
 -74.0000      2.292931E-02
 -73.0000     -8.403082E-03
 -72.0000      1.903004E-02
 -71.0000      1.061044E-02
 -70.0000     -2.222937E-03
 -69.0000      1.214504E-03
 -68.0000      1.870431E-03
 -67.0000     -1.715005E-03
 -66.0000     -1.529812E-02
 -65.0000     -8.077376E-03
 -64.0000      2.791105E-03
 -63.0000      1.769490E-02
 -62.0000      1.659420E-02
 -61.0000      1.680468E-02
 -60.0000     -2.090242E-02
 -59.0000     -3.581272E-02
 -58.0000     -1.662093E-02
 -57.0000     -1.459272E-03
 -56.0000      1.129654E-02
 -55.0000      2.176779E-02
 -54.0000      1.465419E-02
 -53.0000      2.910421E-03
 -52.0000      2.173628E-02
 -51.0000     -3.647282E-03
 -50.0000      3.428797E-02
 -49.0000     -2.171714E-04
 -48.0000     -2.212497E-02
 -47.0000     -2.315514E-02
 -46.0000     -3.017555E-02
 -45.0000     -4.885131E-02
 -44.0000     -2.394378E-03
 -43.0000      9.193447E-03
 -42.0000      1.535833E-02
 -41.0000      5.358563E-02
 -40.0000     -2.940870E-02
 -39.0000      4.457117E-03
 -38.0000      2.812578E-03
 -37.0000      2.870585E-02
 -36.0000      1.158850E-02
 -35.0000     -3.361135E-02
 -34.0000      9.549818E-03
 -33.0000      3.368993E-02
 -32.0000      2.546492E-02
 -31.0000      8.864763E-02
 -30.0000      5.331028E-02
 -29.0000     -9.899047E-02
 -28.0000     -0.168084    
 -27.0000     -0.134365    
 -26.0000     -5.720219E-02
 -25.0000      8.335019E-02
 -24.0000      0.130603    
 -23.0000      8.520764E-02
 -22.0000      1.626477E-02
 -21.0000     -3.864908E-02
 -20.0000      4.818570E-03
 -19.0000      4.176237E-02
 -18.0000      1.168646E-02
 -17.0000     -4.215148E-02
 -16.0000     -5.917190E-02
 -15.0000      1.352208E-02
 -14.0000      6.734501E-02
 -13.0000      2.719682E-03
 -12.0000     -4.574008E-02
 -11.0000     -1.593126E-02
 -10.0000     -3.187159E-03
 -9.00000     -1.276154E-02
 -8.00000     -1.477681E-02
 -7.00000     -1.940101E-02
 -6.00000      1.863676E-02
 -5.00000      5.360937E-02
 -4.00000      2.048001E-02
 -3.00000     -1.410283E-04
 -2.00000     -1.665079E-03
 -1.00000     -2.743968E-03
  0.00000     -1.812151E-02
plot
stop
